cmd: ls
events: Ir
fl=./csu/../csu/libc-start.c
fn=__libc_start_main@@GLIBC_2.34
128 2
134 3
135 7
138 1
139 2
142 3
143 2
144 11
145 4
242 13
311 3
312 3
337 6
340 2
343 2
350 2
352 2
360 4
fl=./csu/../sysdeps/nptl/libc_start_call_main.h
fn=(below main)
29 9
44 3
46 2
51 2
52 2
55 2
58 6
74 2
fl=./csu/./csu/errno-loc.c
fn=__errno_location
25 70
26 140
27 70
fl=./csu/./csu/init-first.c
fn=_init_first
46 6
51 2
55 5
61 1
62 1
63 2
71 2
72 3
fl=./ctype/./ctype/ctype-info.c
fn=__ctype_init
29 1
31 7
33 4
35 4
36 1
fl=./debug/../sysdeps/x86_64/multiarch/ifunc-memmove.h
fn=__memcpy_chk
56 6
57 9
60 9
61 6
74 6
77 6
85 6
93 6
96 15
fn=__memmove_chk
56 2
57 3
60 3
61 2
74 2
77 2
85 2
93 2
96 5
fn=__mempcpy_chk
56 4
57 6
60 6
61 4
74 4
77 4
85 4
93 4
96 10
fl=./debug/../sysdeps/x86_64/multiarch/ifunc-memset.h
fn=__memset_chk
54 10
57 6
58 4
64 4
73 4
75 4
85 4
93 4
96 10
fl=./debug/../sysdeps/x86_64/multiarch/memcpy_chk.c
fn=__memcpy_chk
29 3
fl=./debug/../sysdeps/x86_64/multiarch/memmove_chk.c
fn=__memmove_chk
29 1
fl=./debug/../sysdeps/x86_64/multiarch/mempcpy_chk.c
fn=__mempcpy_chk
29 2
fl=./debug/../sysdeps/x86_64/multiarch/memset_chk.c
fn=__memset_chk
29 2
fl=./dirent/../sysdeps/unix/sysv/linux/closedir.c
fn=closedir
31 5
34 2
44 1
50 1
52 2
53 2
fl=./dirent/../sysdeps/unix/sysv/linux/getdents64.c
fn=__getdents
27 2
30 6
32 8
33 2
fl=./dirent/../sysdeps/unix/sysv/linux/opendir.c
fn=opendir
33 2
46 2
53 5
55 4
82 9
86 3
87 8
112 7
115 2
116 2
123 1
125 1
127 1
128 1
129 1
130 1
131 1
fl=./dirent/../sysdeps/unix/sysv/linux/readdir64.c
fn=readdir
32 200
34 40
37 100
40 60
47 10
48 4
54 1
55 1
57 4
59 2
61 2
67 20
68 57
69 38
72 76
76 180
fl=./elf/../bits/stdlib-bsearch.h
fn=intel_check_word.constprop.0
27 96
28 48
29 744
31 648
32 348
35 264
37 120
fl=./elf/../elf/dl-tls.c
fn=_dl_add_to_slotinfo
1017 18
1023 2
1026 2
1027 2
1031 6
1065 4
1068 4
1069 6
1072 12
fn=_dl_allocate_tls_init
523 11
524 2
528 2
531 1
534 2
537 3
549 1
554 22
560 7
563 6
564 4
570 6
571 4
573 17
576 4
577 4
580 4
581 8
583 4
584 4
593 2
601 4
603 20
609 2
615 2
618 2
621 9
fn=_dl_allocate_tls_storage
365 1
369 1
370 1
371 2
374 1
380 2
417 7
419 1
430 1
431 1
432 2
440 6
441 1
445 305
464 1
470 7
fn=_dl_assign_tls_modid
125 8
128 4
141 2
181 2
183 2
186 2
187 4
fn=_dl_count_modids
192 1
194 2
195 1
210 2
fn=_dl_determine_tlsoffset
216 9
217 1
218 1
219 1
222 4
225 2
259 1
261 18
263 7
265 6
266 4
268 4
270 10
281 2
286 16
288 4
289 2
294 2
301 1
302 7
304 2
354 1
355 8
fn=_dl_tls_static_surplus_init
83 3
97 8
100 6
101 5
102 3
104 4
107 1
109 1
111 3
112 6
fl=./elf/../include/list.h
fn=__tls_init_tp
43 2
44 2
45 1
47 1
fl=./elf/../include/rtld-malloc.h
fn=__minimal_calloc
56 12
fn=_dl_allocate_tls_storage
44 2
56 1
fn=_dl_check_map_versions
44 15
fn=_dl_find_object_init
56 2
fn=_dl_important_hwcaps
56 4
fn=_dl_init_paths
56 5
fn=_dl_map_object_deps
56 10
fn=_dl_new_object
44 15
56 12
fn=fillin_rpath.isra.0
50 2
51 1
56 2
fn=init_tls
44 2
fl=./elf/../include/scratch_buffer.h
fn=_dl_map_object_deps
77 2
78 1
85 3
131 16
fl=./elf/../misc/sbrk.c
fn=sbrk
37 6
40 1
58 2
62 2
78 5
fl=./elf/../nptl/nptl-stack.h
fn=__libc_early_init
61 8
fl=./elf/../sysdeps/generic/_itoa.h
fn=_dl_check_map_versions
76 18
fl=./elf/../sysdeps/generic/dl-cache.h
fn=_dl_load_cache_lookup
125 3
194 1
195 5
fl=./elf/../sysdeps/generic/dl-call_tls_init_tp.h
fn=init_tls
31 8
33 1
fl=./elf/../sysdeps/generic/dl-debug.h
fn=dl_main
29 4
30 1
fl=./elf/../sysdeps/generic/dl-hash.h
fn=__rtld_malloc_init_real
43 1
44 1
45 19
48 18
62 24
67 1
72 1
fl=./elf/../sysdeps/generic/dl-new-hash.h
fn=_dl_lookup_symbol_x
69 359
70 718
74 2336
77 4672
80 2139
81 4278
87 162
88 162
89 324
90 162
99 1977
101 1977
102 3954
104 1977
105 1977
fl=./elf/../sysdeps/generic/dl-protected.h
fn=do_lookup_x
29 1384
fl=./elf/../sysdeps/generic/ldsodefs.h
fn=_dl_relocate_object
79 51
140 1086
fn=_dl_start
79 6
fn=do_lookup_x
139 692
140 1038
fl=./elf/../sysdeps/nptl/dl-mutex.c
fn=__rtld_mutex_init
30 7
37 1
40 7
44 2
45 9
47 6
51 2
52 7
53 6
fl=./elf/../sysdeps/nptl/dl-tls_init_tp.c
fn=__tls_init_tp
68 5
69 1
72 1
75 4
76 2
77 1
82 2
87 4
90 1
93 3
105 4
121 3
128 2
129 3
fn=__tls_pre_init_tp
53 3
56 10
61 2
62 1
64 1
fn=rtld_mutex_dummy
42 12
44 24
fl=./elf/../sysdeps/nptl/pthread_early_init.h
fn=__libc_early_init
33 6
34 1
38 5
45 2
46 1
48 2
52 5
53 1
54 1
56 1
fl=./elf/../sysdeps/posix/dl-fileid.h
fn=_dl_map_object_from_fd
37 16
40 16
49 40
fl=./elf/../sysdeps/unix/sysv/linux/brk.c
fn=brk
36 1
37 1
38 2
44 1
45 1
fl=./elf/../sysdeps/unix/sysv/linux/brk_call.h
fn=brk
24 2
fl=./elf/../sysdeps/unix/sysv/linux/dl-osinfo.h
fn=dl_main
39 2
52 1
fl=./elf/../sysdeps/unix/sysv/linux/dl-parse_auxv.h
fn=_dl_sysdep_parse_arguments
32 2
33 1
34 1
41 93
42 44
43 44
45 1
46 2
47 2
48 2
49 1
51 2
52 2
53 2
54 2
56 2
fl=./elf/../sysdeps/unix/sysv/linux/dl-sysdep.c
fn=_dl_sysdep_parse_arguments
78 7
79 2
80 2
81 3
82 51
83 105
86 2
90 56
93 5
94 2
95 3
96 6
fn=_dl_sysdep_start
102 6
103 1
106 2
110 2
113 1
115 2
122 3
123 2
125 5
137 3
140 5
143 4
fn=_dl_sysdep_start_cleanup
147 1
148 1
fl=./elf/../sysdeps/unix/sysv/linux/dl-vdso-setup.h
fn=dl_main
30 1
33 1
36 1
39 1
45 1
fl=./elf/../sysdeps/unix/sysv/linux/dl-vdso.h
fn=dl_main
40 2
41 5
55 2
fl=./elf/../sysdeps/unix/sysv/linux/rseq-internal.h
fn=__tls_init_tp
32 3
34 7
37 2
40 1
fl=./elf/../sysdeps/unix/sysv/linux/x86/dl-hwcap2.h
fn=update_active.constprop.0
25 2
fl=./elf/../sysdeps/unix/sysv/linux/x86/dl-minsigstacksize.h
fn=get_common_indices.constprop.0
24 2
27 2
28 2
65 3
72 1
74 1
fl=./elf/../sysdeps/x86/cpu-features.c
fn=get_common_indices.constprop.0
398 3
402 4
405 5
409 1
410 4
411 4
412 4
413 3
414 2
421 2
423 9
428 8
435 2
436 7
442 2
457 3
fn=init_cpu_features.constprop.0
376 3
377 2
378 6
383 2
384 6
389 2
390 7
682 8
685 1
686 1
687 1
690 1
699 3
702 6
703 1
706 2
708 6
713 1
715 3
717 9
721 7
774 3
781 2
799 1
832 2
866 4
869 2
870 1
878 2
885 2
887 2
891 2
897 2
899 1
1001 3
1002 2
1005 2
1006 2
1012 1
1013 1
1014 1
1015 2
1019 4
1022 4
1028 3
1041 2
1042 4
1081 1
1082 2
1086 3
1103 2
1104 2
1106 3
1107 2
1109 3
1110 2
1113 2
1127 4
1129 4
1135 4
1142 8
fn=update_active.constprop.0
72 8
76 1
84 3
85 3
86 1
94 4
95 1
103 4
104 1
109 4
112 4
113 1
116 5
117 2
121 5
122 3
123 3
124 2
128 5
129 5
130 3
132 2
133 4
147 2
151 7
152 4
154 3
158 4
161 1
164 2
166 2
170 1
171 1
178 4
180 5
186 4
188 5
190 4
195 5
244 3
245 3
261 4
277 2
281 2
282 1
285 4
289 2
293 3
294 2
296 1
297 1
300 2
302 1
305 2
356 5
360 3
369 1
370 8
fl=./elf/../sysdeps/x86/dl-cacheinfo.h
fn=get_common_cache_info.constprop.0
571 11
586 1
587 1
588 2
589 1
590 2
596 3
598 7
601 2
613 1
618 3
622 2
627 5
630 24
637 8
640 26
645 2
649 3
650 2
654 2
658 3
661 4
662 1
667 4
673 4
681 6
683 2
685 4
687 12
689 1
690 1
691 9
693 4
696 7
701 1
703 4
704 3
705 1
708 2
711 2
718 1
720 4
721 1
726 2
731 2
732 1
733 2
734 1
759 3
770 5
771 5
775 2
782 1
783 2
784 1
785 7
fn=handle_intel.constprop.0
250 108
255 24
261 12
262 12
267 48
271 24
276 24
279 60
281 24
284 60
286 24
305 96
fn=init_cpu_features.constprop.0
792 1
793 1
795 1
809 2
811 3
812 3
813 3
814 2
817 3
819 3
820 2
822 3
824 3
825 1
827 3
829 3
830 2
832 3
834 3
836 3
838 5
894 2
895 2
896 2
897 2
898 2
899 2
900 1
901 1
902 1
903 1
904 1
905 1
907 1
910 3
924 3
925 7
930 2
931 6
932 2
939 3
959 6
968 2
969 2
974 12
987 5
995 7
997 2
1000 5
1002 2
1005 5
1006 5
1010 6
1011 3
1017 7
1020 11
1021 10
1022 13
1025 10
1027 10
1040 4
1042 2
1043 2
1044 1
1045 1
1046 1
1047 1
fn=intel_check_word.constprop.0
110 648
113 324
119 216
123 48
125 12
129 120
131 144
133 60
135 120
143 120
152 12
155 138
158 99
162 58
164 189
167 120
168 72
169 60
170 48
172 11
174 22
176 12
177 16
178 12
179 20
180 14
181 12
183 8
184 12
187 21
190 2
194 192
202 168
216 48
246 144
fl=./elf/../sysdeps/x86/dl-get-cpu-features.c
fn=__x86_cpu_features
39 3
71 3
fn=_dl_x86_init_cpu_features
37 1
39 3
41 1
fl=./elf/../sysdeps/x86/dl-isa-level.h
fn=_dl_load_cache_lookup
28 18
fl=./elf/../sysdeps/x86/dl-procinfo.h
fn=_dl_load_cache_lookup
39 6
42 21
fl=./elf/../sysdeps/x86/dl-prop.h
fn=_dl_map_object_from_fd
149 16
fn=_dl_process_pt_gnu_property
95 28
102 14
115 14
118 7
252 4
253 2
254 10
255 5
257 28
258 3
260 7
fn=dl_main
36 2
37 21
40 9
49 34
53 28
71 2
149 4
235 4
236 2
fl=./elf/../sysdeps/x86/get-isa-level.h
fn=_dl_hwcaps_subdirs_active
30 4
31 1
32 3
36 3
39 4
40 4
45 4
48 2
51 5
53 4
54 2
55 2
58 4
fn=update_active.constprop.0
28 1
30 4
31 1
32 3
36 3
38 1
39 2
40 4
45 4
47 1
48 2
51 5
53 4
54 2
55 2
57 1
58 4
fl=./elf/../sysdeps/x86_64/dl-cet.c
fn=_dl_cet_check
145 2
157 2
173 1
179 1
275 2
276 1
277 2
282 4
283 3
285 2
293 5
296 1
300 2
301 1
302 2
303 2
304 2
305 2
308 1
310 1
313 2
361 8
363 6
fn=_dl_cet_setup_features
331 1
334 2
350 1
fl=./elf/../sysdeps/x86_64/dl-hwcaps-subdirs.c
fn=_dl_hwcaps_subdirs_active
29 1
38 3
43 1
48 1
52 1
fl=./elf/../sysdeps/x86_64/dl-machine.h
fn=_dl_relocate_object
81 24
87 4
91 3
97 1
108 3
129 2
132 2
134 4
267 756
274 756
278 756
287 3272
290 761
291 94
292 1460
295 52
296 78
307 52
314 130
317 2268
320 243
323 243
346 2
347 3
393 30
400 48
402 64
406 48
415 32
423 724
436 7
476 94
478 47
479 47
498 786
499 262
503 524
504 524
514 44
518 44
521 66
522 22
730 12
734 8
fn=_dl_start
55 1
278 9
287 27
290 6
291 12
317 8
323 2
fn=_dl_sysdep_start
220 1
fl=./elf/./dl-find_object.h
fn=_dl_find_object_from_map
95 12
96 12
97 6
103 30
104 174
105 120
107 18
112 6
fl=./elf/./dl-hwcaps.h
fn=_dl_important_hwcaps
43 9
45 7
46 1
77 8
78 8
79 7
fl=./elf/./dl-load.h
fn=_dl_map_object_from_fd
91 32
92 12
93 15
94 12
96 12
fl=./elf/./dl-main.h
fn=dl_main
109 5
fl=./elf/./dl-map-segments.h
fn=_dl_map_object_from_fd
28 12
29 36
81 4
101 4
102 12
105 12
106 8
108 8
125 4
135 96
137 48
139 120
149 64
155 8
156 4
157 12
158 8
160 8
165 8
168 12
176 28
182 8
186 16
189 4
194 16
fl=./elf/./dl-sym-post.h
fn=lookup_malloc_symbol
41 8
53 12
fl=./elf/./dl-tunable-types.h
fn=__GI___tunable_set_val
84 5
fl=./elf/./elf/dl-audit.c
fn=_dl_audit_activity_map
29 7
30 1
31 3
37 6
fn=_dl_audit_activity_nsid
41 3
45 12
46 3
47 15
fn=_dl_audit_objclose
97 6
98 24
fn=_dl_audit_objopen
77 4
78 16
fn=_dl_audit_preinit
118 1
119 4
fl=./elf/./elf/dl-cache.c
fn=_dl_cache_libcmp
357 68
358 458
360 627
362 235
368 52
369 39
370 220
372 235
373 9
374 26
375 6
380 392
382 392
383 84
386 168
387 168
390 43
fn=_dl_load_cache_lookup
191 62
205 3
208 24
210 30
211 6
213 15
220 71
222 185
223 62
227 93
231 93
232 62
240 12
242 6
245 6
247 18
249 3
259 6
269 9
270 12
286 21
295 6
298 6
301 3
302 9
330 6
346 28
347 15
349 13
403 30
405 6
408 9
411 5
419 5
420 8
423 6
424 1
431 1
432 2
477 6
482 9
485 9
500 6
512 9
513 45
514 12
515 3
516 24
fn=_dl_unload_cache
525 3
526 4
528 2
529 1
533 1
535 2
fl=./elf/./elf/dl-call-libc-early-init.c
fn=_dl_call_libc_early_init
27 7
29 2
33 5
37 2
39 4
40 2
41 3
fl=./elf/./elf/dl-call_fini.c
fn=_dl_call_fini
24 48
28 12
32 6
34 6
35 12
38 8
39 12
42 36
43 5
47 6
48 12
49 12
50 32
fl=./elf/./elf/dl-catch.c
fn=_dl_catch_error
254 12
256 2
257 2
258 2
259 2
261 6
fn=_dl_catch_exception
58 24
59 16
69 16
70 40
204 64
207 16
214 8
228 8
229 16
235 48
237 24
239 32
248 24
fn=_dl_receive_error
58 2
59 1
69 2
70 2
186 7
188 1
192 1
194 1
197 1
198 4
fl=./elf/./elf/dl-debug.c
fn=_dl_debug_initialize
56 3
57 1
59 2
61 2
63 3
64 1
85 3
90 3
91 2
92 1
95 3
96 6
99 2
107 2
fn=_dl_debug_state
116 2
117 2
fn=_dl_debug_update
38 5
40 10
41 5
44 10
48 5
fl=./elf/./elf/dl-deps.c
fn=_dl_map_object_deps
128 3
129 5
130 6
132 3
136 8
143 13
144 20
160 9
161 1
164 1
182 1
183 6
184 1
188 13
190 22
193 6
197 18
198 39
201 16
205 8
208 20
210 16
215 4
216 4
217 8
218 8
219 4
221 472
222 222
228 68
230 7
232 28
233 14
242 7
244 14
249 28
252 4
253 4
254 4
255 8
256 4
257 4
259 16
263 21
264 15
266 312
417 12
419 20
422 8
423 16
429 4
430 20
431 20
434 4
435 8
439 18
441 6
442 27
448 5
449 1
452 4
463 5
465 4
470 5
471 1
472 2
474 22
478 6
483 12
485 18
490 6
494 2
495 3
532 2
533 2
547 9
552 9
553 5
557 1
559 2
560 1
561 3
568 3
571 2
574 8
fn=openaux
61 42
64 77
65 7
68 7
69 21
fl=./elf/./elf/dl-environ.c
fn=_dl_next_ld_env_entry
28 3
29 3
32 157
34 102
35 18
37 2
40 4
42 2
45 49
fl=./elf/./elf/dl-find_object.c
fn=_dl_find_object_init
561 5
564 1
566 2
567 3
579 2
580 3
582 2
585 2
590 1
591 1
594 3
596 2
599 6
601 1
604 4
fn=_dlfo_process_initial
474 8
475 2
477 2
478 4
504 24
505 30
506 12
508 44
511 40
513 30
515 10
516 10
517 20
529 2
531 8
fn=_dlfo_sort_mappings
536 1
537 2
540 20
544 8
545 50
546 50
548 4
549 4
553 16
554 20
555 8
557 1
fl=./elf/./elf/dl-fini.c
fn=_dl_fini
26 11
43 1
46 13
49 2
51 1
54 2
56 5
61 1
63 4
68 18
73 22
75 12
77 12
79 12
80 6
81 6
85 6
87 6
88 6
94 6
103 2
108 36
110 6
112 12
114 24
117 12
122 6
126 5
132 6
134 1
138 2
145 8
fl=./elf/./elf/dl-hwcaps.c
fn=_dl_important_hwcaps
52 16
54 2
55 4
56 2
57 2
77 16
80 16
84 2
86 6
87 2
88 2
100 5
102 3
105 1
108 1
112 5
125 12
127 10
128 4
129 4
130 2
133 3
142 13
143 11
145 8
151 5
155 4
156 3
157 3
161 1
162 2
163 2
172 14
174 2
175 3
185 2
186 3
189 3
193 2
194 2
201 1
202 5
208 2
209 1
213 3
216 9
fl=./elf/./elf/dl-hwcaps_split.c
fn=_dl_hwcaps_split
25 5
26 3
27 1
47 4
fn=_dl_hwcaps_split_masked
26 44
30 24
34 78
35 12
36 24
41 36
42 18
43 12
45 6
51 110
55 5
56 18
57 27
58 24
60 6
62 88
67 12
fl=./elf/./elf/dl-init.c
fn=_dl_init
29 14
35 35
37 36
81 13
82 1
83 1
86 3
89 2
94 4
119 1
120 28
121 12
127 8
fn=call_init.part.0
26 72
43 18
46 18
47 2
51 10
59 15
60 18
63 5
64 10
70 12
72 8
73 44
74 24
76 48
fl=./elf/./elf/dl-load.c
fn=_dl_dst_count
238 63
241 14
244 14
245 7
264 63
fn=_dl_init_paths
706 13
720 4
725 1
727 3
734 3
735 2
739 4
741 4
747 1
748 1
756 8
758 8
759 4
761 5
762 7
763 4
766 13
767 10
768 18
770 32
776 1
777 1
782 1
785 3
787 4
789 3
806 1
808 3
822 2
825 5
827 23
831 2
832 60
833 14
834 28
836 1
837 1
838 2
844 6
847 3
853 1
857 8
fn=_dl_map_object
682 33
685 4
688 6
691 2
692 1
696 15
1967 96
1969 4
1975 16
1976 32
1979 160
1984 196
1986 140
1990 48
1991 72
1994 55
1995 33
1996 55
2010 16
2011 12
2019 12
2034 4
2036 20
2040 12
2042 6
2049 12
2053 3
2054 3
2058 12
2059 4
2073 15
2074 21
2075 3
2084 6
2099 6
2100 48
2106 9
2107 3
2115 3
2129 6
2131 9
2135 9
2137 6
2141 6
2149 6
2172 27
2176 9
2177 3
2194 6
2200 1
2201 4
2202 2
2203 2
2207 9
2210 3
2222 16
2267 8
2268 70
2270 76
fn=_dl_map_object_from_fd
944 56
959 16
989 70
990 28
1008 8
1036 16
1046 8
1053 32
1054 8
1065 8
1066 12
1067 8
1069 12
1070 16
1071 6
1074 17
1075 6
1086 4
1088 4
1090 88
1091 4
1092 4
1093 4
1094 4
1100 168
1101 408
1107 8
1114 10
1115 12
1116 40
1121 2
1122 1
1127 124
1135 80
1136 104
1137 80
1138 16
1139 32
1141 112
1143 32
1156 32
1157 60
1162 16
1163 164
1176 6
1180 8
1181 2
1185 10
1186 4
1189 2
1194 8
1209 8
1210 4
1213 12
1218 28
1228 76
1229 32
1235 8
1245 16
1252 28
1264 4
1268 16
1269 12
1275 10
1276 8
1278 8
1288 12
1307 12
1309 24
1361 12
1362 4
1368 136
1369 224
1375 64
1380 16
1393 8
1395 16
1397 8
1413 8
1417 8
1418 8
1435 8
1436 1
1439 8
1444 8
1449 8
1461 32
1462 9
1463 18
1464 6
1465 5
1471 8
1472 8
1477 4
1484 12
1487 8
1491 12
1492 12
1510 8
1514 28
1515 16
1519 36
fn=_dl_process_pt_gnu_property
868 15
869 10
870 5
876 10
882 25
885 15
886 10
887 10
890 15
891 15
895 5
896 10
900 14
901 7
904 14
907 7
908 28
918 15
920 20
fn=expand_dynamic_string_token
241 6
244 4
385 20
399 4
410 14
fn=fillin_rpath.isra.0
468 17
472 1
474 12
481 2
483 6
487 2
492 3
493 2
500 5
505 2
509 15
510 8
528 4
532 4
534 2
538 1
539 2
540 4
541 1
543 2
549 4
550 14
551 4
553 2
554 3
555 1
561 2
562 1
565 3
571 1
574 8
fn=open_path
1812 33
1813 6
1816 3
1817 3
1819 6
1822 6
1824 66
1827 6
1831 3
1835 18
1842 18
1843 66
1846 18
1851 55
1854 10
1860 15
1863 40
1865 15
1867 6
1872 6
1873 21
1879 9
1881 24
1882 2
1884 3
1891 30
1893 10
1937 24
1941 3
1943 12
1946 9
1960 27
fn=open_verify.constprop.0
1572 108
1604 27
1609 10
1623 45
1625 18
1633 4
1634 12
1639 24
1641 8
1643 8
1645 8
1651 8
1668 55
1749 8
1754 8
1760 16
1766 8
1772 16
1773 16
1777 16
1778 5
1799 81
fl=./elf/./elf/dl-lookup-direct.c
fn=_dl_lookup_direct
32 15
33 9
35 6
36 6
48 9
51 6
53 21
57 9
58 21
59 15
74 39
76 6
78 21
79 6
81 12
84 25
86 12
93 6
115 3
116 27
fl=./elf/./elf/dl-lookup.c
fn=_dl_lookup_symbol_x
772 4667
774 718
775 1436
778 359
782 1386
785 718
787 718
791 5091
792 6103
797 1795
799 78
816 359
817 39
820 718
821 2406
828 398
856 1384
870 1038
871 2
873 692
890 1384
892 3231
fn=check_match
70 5535
73 2952
78 46
86 1775
89 2468
93 355
94 710
96 686
115 686
116 2744
117 1665
118 20
119 20
144 24
146 72
147 48
161 346
162 2952
fn=do_lookup_x
347 5026
348 359
353 359
354 359
358 3018
361 3018
365 3736
386 3018
390 3018
396 4527
400 1509
401 1509
404 7545
405 4527
408 1509
409 3018
411 1509
412 1077
413 3018
415 2513
416 6036
419 10563
422 792
423 1188
424 792
426 786
429 4890
431 1107
432 9489
433 738
436 1107
439 1942
461 2768
470 376
476 692
483 2372
487 297
499 692
500 346
501 346
518 3489
521 13
522 2872
fl=./elf/./elf/dl-minimal-malloc.c
fn=__minimal_calloc
80 60
84 12
87 12
88 36
fn=__minimal_free
97 1
99 4
fn=__minimal_malloc
36 272
37 102
42 3
43 2
44 2
48 135
51 230
56 8
57 8
59 2
60 16
62 4
64 8
65 6
67 6
70 34
71 36
73 204
fl=./elf/./elf/dl-minimal.c
fn=__rtld_malloc_init_real
76 10
86 2
87 1
89 1
91 6
92 5
93 5
94 4
99 1
100 1
101 1
102 1
103 8
fn=__rtld_malloc_init_stubs
42 1
43 2
44 2
45 2
46 2
47 1
fn=lookup_malloc_symbol
61 36
63 4
64 28
68 28
69 28
71 4
72 24
fn=strsep
239 2
242 4
244 2
245 4
247 2
249 47
251 28
254 56
256 84
264 14
267 1
271 4
fl=./elf/./elf/dl-misc.c
fn=_dl_name_match_p
68 385
69 220
70 10
72 55
74 220
75 325
80 55
82 45
83 220
fn=_dl_sysdep_read_whole_file
36 11
39 3
40 2
42 6
44 2
47 2
49 8
60 3
63 8
fl=./elf/./elf/dl-object.c
fn=_dl_add_to_namespace_list
31 45
33 15
35 44
38 56
40 4
42 4
45 2
46 15
47 10
48 10
50 10
51 25
fn=_dl_new_object
59 75
62 10
64 2
66 3
67 2
71 6
77 2
80 8
83 21
87 8
92 4
95 10
98 5
99 5
100 10
103 10
104 35
106 5
119 23
123 4
125 1
127 35
130 10
131 10
132 5
136 5
139 38
141 20
149 10
150 5
153 1
155 30
157 16
160 12
164 20
168 28
176 1
179 10
189 20
191 16
195 12
199 8
200 8
208 4
212 4
245 16
250 152
251 152
255 8
256 4
259 4
263 45
fl=./elf/./elf/dl-reloc.c
fn=_dl_relocate_object
170 1700
171 724
174 3916
175 84
177 7
178 28
182 710
183 355
184 355
186 2846
187 1745
188 698
190 2568
193 355
194 2485
196 7
207 77
208 14
220 12
221 18
224 24
226 18
228 6
229 18
251 30
252 12
253 3
255 12
262 18
301 10168
304 30
328 6
331 12
348 18
350 56
356 36
359 12
363 12
364 36
fl=./elf/./elf/dl-setup_hash.c
fn=_dl_setup_hash
25 12
28 18
31 18
32 12
33 6
34 6
36 18
37 6
38 18
40 6
41 12
43 6
45 18
50 6
fl=./elf/./elf/dl-sort-maps.c
fn=_dl_sort_maps
140 54
181 2
182 4
183 46
184 24
211 34
216 4
218 2
219 10
221 38
223 12
226 34
244 8
263 8
276 8
283 2
298 26
306 6
310 18
fn=_dl_sort_maps_init
289 4
290 4
291 1
292 3
293 2
fn=dfs_traversal.part.0
135 108
140 48
143 12
145 36
147 134
156 43
171 36
172 12
173 78
fl=./elf/./elf/dl-tunables.c
fn=__GI___tunable_set_val
72 50
82 5
93 40
94 25
97 10
100 35
104 10
111 10
112 10
115 25
116 5
117 5
118 5
153 30
157 15
fn=__GI___tunables_init
42 260
45 51
48 5005
52 102
56 204
128 1
261 10
267 4
281 8364
283 2
287 15147
304 8
fn=__tunable_get_val
387 76
390 450
399 49
400 14
409 30
416 228
418 38
fl=./elf/./elf/dl-tunables.h
fn=__GI___tunable_set_val
141 10
142 10
151 5
fn=__GI___tunables_init
160 930
161 2343
fl=./elf/./elf/dl-version.c
fn=_dl_check_all_versions
392 7
394 1
396 23
397 6
398 54
401 7
fn=_dl_check_map_versions
36 90
37 21
38 141
56 144
64 108
70 108
86 36
87 72
89 36
94 1294
108 1114
110 36
113 288
120 1563
124 521
155 60
156 6
164 10
170 18
172 30
174 6
175 6
177 12
180 12
184 32
198 2
200 18
208 18
213 18
215 30
217 144
218 281
221 72
224 108
228 12
231 144
234 108
239 30
243 18
248 2
257 25
260 6
263 221
266 165
270 50
274 15
279 5
280 20
281 15
291 5
294 27
296 10
299 16
301 2
303 18
306 108
308 144
310 180
311 72
312 108
313 108
316 108
321 30
324 18
329 2
334 10
337 6
341 50
343 106
347 50
348 250
349 150
350 50
353 159
357 50
365 6
366 8
367 8
368 2
370 4
372 124
373 60
375 2
376 7
387 54
fl=./elf/./elf/do-rel.h
fn=_dl_relocate_object
49 36
50 36
51 6
53 60
72 6
73 7
80 36
83 74
85 88
96 6
97 2
114 33
123 812
124 524
126 33
129 36
131 1723
133 2095
134 1676
135 1257
136 1676
138 1257
141 188
142 47
143 47
147 372
150 1133
151 729
164 20
165 211
166 189
169 141
171 188
172 47
173 94
180 31
182 42
183 12
185 18
193 6
196 18
211 7
fn=_dl_start
49 6
50 4
51 1
53 10
56 4
61 13
63 9
64 6
65 3
fl=./elf/./elf/get-dynamic-info.h
fn=_dl_map_object_from_fd
39 8
43 4
45 416
49 202
51 52
52 26
53 3
54 96
55 80
56 20
59 16
62 16
64 16
68 101
72 16
84 13
85 16
86 16
87 16
88 13
89 15
90 15
91 16
103 32
110 13
115 6
122 6
123 12
129 12
130 3
147 12
152 4
154 4
156 4
158 4
159 4
162 12
164 9
165 6
174 6
175 9
180 6
181 6
184 8
fl=./elf/./elf/libc_early_init.c
fn=__libc_early_init
33 9
35 1
38 2
41 2
47 4
49 2
fl=./elf/./elf/rtld.c
fn=_dl_start
85 8
458 2
476 3
477 1
478 2
488 1
494 4
496 2
517 16
543 1
546 2
547 4
563 190
565 1
578 1
585 9
fn=dl_main
85 17
92 12
93 2
101 9
197 2
199 1
224 3
225 5
226 4
296 3
302 1
303 1
837 1
839 1
848 1
850 1
855 1
1115 1
1116 1
1118 1
1122 3
1124 1
1125 1
1140 1
1143 46
1144 117
1148 3
1153 3
1154 9
1163 2
1164 2
1166 1
1173 3
1191 2
1199 8
1200 17
1201 8
1202 1
1204 12
1205 14
1209 8
1210 8
1211 4
1215 12
1243 2
1247 3
1253 28
1254 61
1260 17
1266 4
1269 3
1271 3
1346 13
1351 1
1352 1
1357 1
1373 3
1374 4
1637 10
1639 2
1640 3
1641 2
1642 3
1646 2
1647 2
1672 3
1673 5
1674 3
1675 3
1678 1
1680 1
1681 1
1683 2
1684 2
1688 2
1690 2
1698 4
1705 2
1708 2
1733 4
1735 1
1740 2
1743 4
1744 4
1745 3
1746 1
1747 1
1748 1
1759 2
1760 2
1762 2
1764 1
1765 3
1770 5
1771 5
1773 3
1779 2
1788 2
1792 1
1793 2
1817 2
1823 1
1824 1
1825 1
1829 3
1834 3
1836 1
1838 2
1842 5
1847 2
1863 6
1939 4
1943 19
1944 1
1947 3
1948 1
1949 2
1950 2
1955 3
1965 9
1971 27
1972 16
1975 3
1976 2
1977 1
1979 22
1980 10
1984 2
1990 1
1992 3
1993 2
1995 2
1997 3
1999 3
2000 1
2001 2
2013 2
2014 2
2015 3
2026 5
2027 4
2028 5
2038 2
2039 2
2040 4
2042 2
2047 3
2246 3
2250 3
2256 2
2259 2
2267 2
2279 3
2282 3
2284 3
2285 6
2292 2
2293 27
2295 12
2300 12
2302 14
2304 1
2305 1
2308 6
2310 12
2311 40
2315 16
2316 6
2325 2
2329 4
2331 1
2338 4
2341 2
2345 3
2347 2
2357 1
2362 3
2365 1
2371 1
2372 5
2380 3
2387 1
2390 3
2394 3
2395 1
2396 1
2397 1
2401 1
2406 8
2538 1
2598 1
2600 2
2602 15
2604 2
2606 107
2607 19
2615 13
2640 2
2650 4
2652 2
2653 1
2687 5
2689 2
2690 2
2691 1
2727 5
2749 3
fn=handle_preload_list
183 3
806 1
810 2
811 2
812 1
814 1
816 6
817 3
825 3
869 13
870 3
874 5
877 4
878 3
880 4
881 2
887 1
889 2
891 2
892 1
895 9
fn=init_tls
734 4
736 2
740 3
746 2
749 1
750 1
751 1
755 1
757 1
761 2
762 2
763 16
764 6
765 12
769 6
771 2
773 3
776 2
779 1
786 2
787 2
793 2
797 1
800 5
fn=map_doit
641 6
643 4
644 6
646 3
fn=version_check_doit
674 6
676 6
680 3
fl=./elf/./get-dynamic-info.h
fn=_dl_start
45 75
49 36
51 10
52 5
54 20
55 16
56 5
59 4
62 4
64 4
68 18
72 3
84 4
85 3
86 4
87 4
88 5
89 3
90 4
91 4
103 10
110 3
123 3
129 3
130 3
133 2
134 3
139 5
142 5
fn=dl_main
39 4
43 1
45 111
49 54
51 12
52 6
54 25
55 21
56 5
59 4
62 4
64 4
68 27
72 7
84 3
85 5
86 5
87 5
88 4
89 5
90 5
91 5
103 9
110 3
115 2
122 3
123 4
129 3
147 4
152 2
154 2
156 2
158 2
159 2
162 4
164 3
165 2
174 2
175 3
180 2
181 3
184 3
fl=./elf/./setup-vdso.h
fn=dl_main
24 2
fl=./intl/../intl/l10nflist.c
fn=_nl_normalize_codeset
311 9
312 1
313 1
323 17
324 23
326 4
328 4
329 10
332 6
334 2
341 15
342 20
343 12
344 8
345 2
347 1
351 6
fl=./intl/../string/bits/string_fortified.h
fn=set_binding_values.part.0
29 4
fl=./intl/./intl/bindtextdom.c
fn=bindtextdomain
82 4
319 6
321 1
322 5
fn=set_binding_values.part.0
75 11
91 3
95 5
189 6
201 4
203 3
205 3
216 2
219 7
238 1
239 2
245 2
267 1
273 4
276 1
277 3
310 2
312 2
313 7
fl=./intl/./intl/textdomain.c
fn=textdomain
65 7
70 2
71 1
73 5
75 1
78 2
79 5
81 1
84 5
94 3
102 2
111 2
113 4
117 2
120 7
fl=./io/../sysdeps/posix/isatty.c
fn=isatty
24 7
27 4
28 6
fl=./io/../sysdeps/unix/sysv/linux/access.c
fn=access
25 2
27 15
31 2
fl=./io/../sysdeps/unix/sysv/linux/close_nocancel.c
fn=__GI___close_nocancel
25 5
26 20
27 5
fn=__close_nocancel
25 6
26 24
27 6
fl=./io/../sysdeps/unix/sysv/linux/fstat64.c
fn=fstat
30 10
39 40
72 10
fl=./io/../sysdeps/unix/sysv/linux/fstatat64.c
fn=fstatat
91 6
146 6
160 4
161 11
162 1
fl=./io/../sysdeps/unix/sysv/linux/open64.c
fn=open
30 24
33 14
41 18
43 16
fl=./io/../sysdeps/unix/sysv/linux/open64_nocancel.c
fn=__open_nocancel
28 56
31 84
39 99
41 30
fl=./io/../sysdeps/unix/sysv/linux/pread64_nocancel.c
fn=__pread64_nocancel
25 4
26 8
27 2
fl=./io/../sysdeps/unix/sysv/linux/read.c
fn=read
25 4
26 24
27 4
fl=./io/../sysdeps/unix/sysv/linux/read_nocancel.c
fn=__read_nocancel
25 4
26 16
27 4
fl=./io/../sysdeps/unix/sysv/linux/stat64.c
fn=stat
28 6
29 12
fl=./io/../sysdeps/unix/sysv/linux/statfs64.c
fn=statfs
30 2
34 12
36 2
fl=./io/../sysdeps/unix/sysv/linux/write.c
fn=write
25 3
26 18
27 3
fl=./libio/../include/sys/sysmacros.h
fn=_IO_file_doallocate
47 6
fl=./libio/../string/bits/string_fortified.h
fn=getdelim
29 232
fl=./libio/./libio/__fpending.c
fn=__fpending
22 2
23 6
26 4
27 2
fl=./libio/./libio/__freading.c
fn=__freading
22 4
23 4
24 20
26 8
fl=./libio/./libio/__fsetlocking.c
fn=__fsetlocking
24 2
25 2
26 8
28 4
30 12
36 2
fl=./libio/./libio/filedoalloc.c
fn=_IO_file_doallocate
78 33
84 27
86 12
89 2
91 2
94 2
97 12
101 9
102 6
104 12
105 3
106 27
fl=./libio/./libio/fileno.c
fn=fileno
32 2
35 10
42 2
fl=./libio/./libio/fileops.c
fn=_IO_do_write@@GLIBC_2.2.5
424 38
426 27
427 26
434 6
441 12
444 3
449 15
450 15
452 9
453 6
454 3
455 6
456 12
fn=_IO_file_close
1165 4
1168 8
fn=_IO_file_close_it@@GLIBC_2.2.5
128 28
130 12
133 8
134 12
135 9
137 4
139 8
142 28
145 12
153 20
154 16
157 8
158 4
159 4
160 4
162 8
163 28
fn=_IO_file_finish@@GLIBC_2.2.5
168 24
169 8
175 12
176 12
fn=_IO_file_fopen@@GLIBC_2.2.5
213 24
214 2
222 4
224 12
227 2
228 4
247 52
271 2
272 6
273 2
281 10
284 4
287 8
288 4
357 24
fn=_IO_file_open
182 24
184 4
185 2
188 4
189 4
191 2
192 12
195 6
205 4
206 2
207 12
fn=_IO_file_overflow@@GLIBC_2.2.5
732 384
733 192
740 238
743 2
745 2
746 6
755 3
764 3
765 1
766 1
767 1
768 1
769 3
771 3
772 5
773 2
775 96
776 2
777 48
778 94
781 141
782 141
783 188
784 12
785 9
787 47
788 287
fn=_IO_file_read
1131 4
1133 4
1134 12
fn=_IO_file_stat
1147 3
1148 6
fn=_IO_file_sync@@GLIBC_2.2.5
793 14
798 8
800 2
801 4
812 4
816 10
fn=_IO_file_underflow@@GLIBC_2.2.5
462 40
466 12
467 2
469 8
475 12
478 8
481 6
486 4
490 12
506 8
512 24
517 20
519 8
522 7
526 3
532 1
535 9
537 6
538 32
fn=_IO_file_write@@GLIBC_2.2.5
1174 24
1175 6
1176 18
1180 9
1181 9
1182 6
1187 3
1188 3
1190 9
1191 9
1194 18
fn=_IO_file_xsputn@@GLIBC_2.2.5
1198 153
1200 1
1204 68
1205 17
1211 68
1213 66
1214 32
1217 646
1219 873
1228 3
1229 16
1234 32
1236 80
1237 16
1238 48
1240 32
1244 6
1250 2
1251 5
1253 3
1264 2
1265 4
1267 3
1268 153
fn=_IO_new_file_init_internal
106 12
110 2
111 2
113 2
114 2
115 6
fl=./libio/./libio/genops.c
fn=_IO_cleanup
776 6
777 9
780 7
784 1
785 12
792 2
794 3
814 1
816 10
817 1
821 7
822 2
842 12
843 2
855 12
fn=_IO_default_finish
54 8
601 24
603 12
609 12
612 12
624 12
fn=_IO_default_xsputn
371 11
373 2
374 4
375 1
379 40
399 92
401 9
404 8
fn=_IO_doallocbuf
343 24
344 6
346 9
347 15
350 18
fn=_IO_flush_all
686 12
687 3
691 6
692 9
695 6
697 1
698 12
700 7
708 11
709 1
713 7
714 2
718 12
fn=_IO_link_in
87 28
88 20
90 4
92 14
93 18
94 2
95 18
97 4
98 2
100 10
101 2
102 12
103 4
106 38
fn=_IO_no_init
563 22
564 2
565 2
566 4
568 2
572 12
579 2
581 2
587 2
588 12
fn=_IO_old_init
531 2
532 4
534 12
539 14
544 2
550 4
555 6
556 4
558 2
fn=_IO_setb
329 77
330 34
331 3
332 7
333 7
335 48
338 42
fn=_IO_switch_to_get_mode
164 24
165 12
168 12
172 8
173 8
176 4
178 8
180 8
181 4
182 16
fn=_IO_un_link
53 8
54 16
82 8
fn=_IO_unsave_markers
937 24
939 8
944 12
946 12
fn=__GI__IO_un_link.part.0
52 40
58 24
59 40
60 4
61 34
63 14
65 8
66 9
68 4
69 2
71 2
74 8
76 24
77 4
78 28
79 8
82 36
fn=__overflow
199 190
201 114
203 114
204 76
fn=__underflow
173 4
269 24
270 18
275 12
278 12
280 8
286 8
291 12
293 16
294 12
fl=./libio/./libio/iofclose.c
fn=fclose@@GLIBC_2.2.5
34 32
48 12
49 4
51 32
52 8
53 12
57 16
58 12
71 8
76 28
fl=./libio/./libio/iofflush.c
fn=fflush
32 12
33 4
39 24
40 10
44 10
fl=./libio/./libio/iofopen.c
fn=fopen@@GLIBC_2.2.5
37 4
65 4
67 6
70 4
72 14
73 4
74 4
75 14
85 18
87 14
fl=./libio/./libio/iofwrite_u.c
fn=fwrite_unlocked
34 136
35 34
38 34
40 118
42 85
47 68
48 34
52 136
fl=./libio/./libio/iogetdelim.c
fn=getdelim
41 868
47 174
48 116
50 2
54 232
62 342
64 4
65 8
66 4
74 174
75 116
77 12
82 8
89 290
91 232
92 232
100 116
101 232
105 5
107 118
108 3
114 2
115 2
117 59
118 58
119 1
120 178
122 3
124 171
130 522
fl=./libio/./libio/libioP.h
fn=_IO_cleanup
1025 1
fn=_IO_default_xsputn
1025 19
1026 18
fn=_IO_do_write@@GLIBC_2.2.5
1025 9
1026 6
fn=_IO_doallocbuf
1025 9
1026 6
fn=_IO_file_close_it@@GLIBC_2.2.5
1025 12
1026 8
fn=_IO_file_doallocate
1025 9
1026 6
fn=_IO_file_underflow@@GLIBC_2.2.5
1025 16
1026 8
fn=_IO_file_xsputn@@GLIBC_2.2.5
1025 3
1026 2
fn=_IO_flush_all
1025 2
fn=__overflow
1025 114
1026 76
fn=__underflow
1025 12
1026 8
fn=fclose@@GLIBC_2.2.5
951 16
952 14
958 4
979 16
980 36
1025 12
1026 8
fn=fflush
979 4
980 16
1025 6
1026 4
fn=fwrite_unlocked
1025 51
1026 34
fn=getdelim
979 231
fl=./libio/./libio/vtables.c
fn=check_stdfiles_vtables
545 1
546 4
547 3
548 3
550 1
fl=./locale/../string/bits/string_fortified.h
fn=_nl_intern_locale_data
59 11
fn=_nl_load_locale_from_archive
29 3
fn=new_composite_name
29 4
fl=./locale/../sysdeps/unix/sysv/linux/not-cancel.h
fn=_nl_load_locale_from_archive
75 2
fl=./locale/./locale/findlocale.c
fn=_nl_find_locale
65 96
74 36
77 24
81 84
84 24
86 12
87 48
95 72
103 204
106 24
114 24
118 48
120 36
122 48
131 60
132 60
145 24
149 24
152 36
153 24
282 24
324 132
fl=./locale/./locale/hashval.h
fn=_nl_load_locale_from_archive
35 1
36 35
38 10
39 20
41 2
fl=./locale/./locale/lc-ctype.c
fn=_nl_postload_ctype
33 1
38 1
56 1
57 2
58 1
59 2
60 1
61 2
65 4
67 2
69 2
71 3
105 6
106 4
107 4
108 3
109 3
110 3
112 1
fl=./locale/./locale/loadarchive.c
fn=_nl_load_locale_from_archive
118 1
119 3
120 2
121 1
122 4
123 4
134 168
135 12
153 24
159 37
160 88
162 22
163 22
169 3
170 4
172 5
173 6
174 2
176 6
181 3
182 3
183 19
184 11
187 1
189 3
194 2
202 2
205 5
206 2
210 5
225 1
227 8
228 2
235 2
259 1
261 1
265 1
270 3
274 2
277 3
280 5
281 12
287 3
291 2
292 11
302 3
305 1
310 4
314 60
318 24
319 23
460 3
461 2
464 4
465 2
471 2
472 4
474 61
475 12
477 84
480 24
483 12
484 24
493 12
497 3
498 3
499 132
fl=./locale/./locale/loadlocale.c
fn=_nl_intern_locale_data
69 1
76 10
79 40
86 19
87 10
89 1
90 18
99 40
112 24
123 108
133 48
134 139
141 60
143 24
144 12
152 12
156 49
157 36
160 12
161 12
163 11
166 2
169 12
171 13
172 1179
174 731
175 764
186 557
195 312
196 38
197 92
198 10
199 6
200 14
201 26
202 10
203 4
204 32
206 2
210 175
213 1119
214 671
217 70
219 37
220 68
228 108
fl=./locale/./locale/localeinfo.h
fn=_nl_find_locale
222 60
fl=./locale/./locale/mb_cur_max.c
fn=__ctype_get_mb_cur_max
29 51
30 204
31 51
fl=./locale/./locale/setlocale.c
fn=new_composite_name
139 12
141 3
144 1
146 62
147 12
150 24
152 36
153 60
154 159
158 2
161 7
162 6
163 2
165 4
167 2
188 7
fn=setlocale
195 40
198 39
201 13
210 24
211 48
212 1
218 13
225 3
230 2
234 2
236 7
249 1
250 1
252 3
253 2
265 3
279 6
281 7
296 44
334 53
335 24
337 84
341 24
355 24
359 48
361 84
366 36
367 24
375 3
376 7
379 51
380 24
383 12
389 2
398 3
401 2
402 2
404 2
468 12
fl=./malloc/../string/bits/string_fortified.h
fn=_int_realloc
29 2
fn=tcache_init.part.0
59 88
fl=./malloc/../sysdeps/unix/sysv/linux/not-cancel.h
fn=ptmalloc_init.part.0
97 6
fl=./malloc/./malloc/arena.c
fn=free
153 33
fn=malloc
153 116
264 1
fn=ptmalloc_init.part.0
262 8
267 1
292 2
296 3
300 4
301 4
302 4
303 4
304 4
305 4
306 4
308 4
309 4
310 4
313 4
314 4
316 2
326 8
fn=realloc
153 7
fl=./malloc/./malloc/malloc.c
fn=_int_free
1792 1
3163 22
3165 44
3166 11
3167 22
4495 84
4499 36
4505 48
4506 24
4510 60
4517 24
4518 72
4521 11
4527 33
4547 55
4550 11
4561 2
4637 2
4640 2
4643 2
4646 2
4658 71
fn=_int_free_maybe_consolidate
4770 11
4776 2
4798 11
fn=_int_free_merge_chunk
1992 3
4665 8
4666 1
4670 6
4673 4
4675 3
4678 3
4681 2
4682 2
4683 2
4689 2
4701 3
4702 7
4714 2
4720 2
4724 1
4732 1
4733 4
4734 2
4736 1
4738 2
4740 3
4743 1
4744 1
4746 3
4747 1
fn=_int_malloc
1326 120
1345 360
1794 58
1985 6
2008 8
2017 2
2552 6
2553 1
2564 2
2589 4
2590 2
2599 4
2608 3
2669 3
2677 2
2678 3
2691 3
2693 1
2699 5
2707 2
2709 4
2710 3
2711 1
2712 1
2715 2
2744 3
2745 1
2746 2
2752 8
2755 4
2782 2
2783 1
2795 3
2814 2
2817 2
2818 6
2820 1
2821 6
2833 5
2873 1
2875 1
2876 5
2877 1
2888 3
2921 3
2922 1
2926 1
2930 5
2932 1
2933 1
2934 1
2935 7
2936 2
2938 1
3846 660
3882 1
3887 120
3914 126
3916 168
3919 46
3921 88
3930 132
3977 32
3979 150
3980 110
3982 165
4039 50
4040 15
4058 178
4059 180
4060 180
4069 6
4070 317
4072 3
4073 6
4074 3
4076 6
4077 9
4079 3
4080 12
4082 12
4084 6
4085 6
4087 6
4098 12
4099 4
4100 2
4101 1
4104 1
4105 1
4106 1
4107 3
4108 3
4109 2
4111 2
4115 8
4117 3
4118 1
4121 1
4122 3
4123 1
4127 2
4128 2
4132 4
4161 4
4169 36
4170 6
4171 2
4174 4
4218 8
4221 14
4222 2
4223 2
4224 2
4225 2
4230 4
4231 4
4240 8
4246 4
4257 177
4259 20
4262 15
4263 59
4330 59
4331 118
4332 118
4333 118
4334 354
4339 235
4343 607
4346 648
4348 4
4349 2
4353 80
4355 38
4357 76
4361 2
4364 4
4373 8
4376 4
4378 6
4381 6
4384 8
4394 2
4399 8
4400 4
4403 2
4404 2
4405 2
4408 4
4409 1
4410 4
4412 4
4415 16
4417 6
4418 2
4421 2
4443 57
4444 114
4446 114
4449 171
4451 56
4452 112
4453 56
4454 448
4456 112
4459 112
4460 171
4461 57
4466 4
4482 1
4487 720
fn=_int_realloc
4914 8
4925 4
4926 5
4927 4
4933 2
4935 2
4936 3
4938 4
4941 2
4951 2
4963 2
4964 2
4965 1
4975 5
4976 2
4979 1
4980 1
4985 3
4992 1
4993 7
4997 4
4999 1
5030 9
fn=alloc_perturb
1985 174
1987 58
fn=free
3359 116
3363 100
3371 22
3373 11
3375 33
3392 33
3398 33
3401 11
3402 105
fn=malloc
1326 128
1345 318
3178 12
3182 12
3186 24
3190 12
3191 6
3248 4
3294 512
3301 128
3311 124
3313 256
3316 128
3317 4
3318 180
3326 116
3328 232
3329 290
3354 384
fn=ptmalloc_init.part.0
1946 385
1949 381
1957 1
1958 1
1960 1
3143 2
fn=realloc
1326 2
1345 6
3407 55
3413 10
3417 10
3424 10
3425 8
3433 1
3441 2
3443 1
3444 2
3456 3
3464 4
3465 2
3475 2
3506 2
3508 7
3509 7
3538 37
5241 3
5242 3
5243 2
5244 1
fn=tcache_init.part.0
3242 4
3251 8
3252 3
3253 2
3261 4
3270 2
3274 3
fn=unlink_chunk.isra.0
1608 4
1610 10
1613 4
1614 4
1616 8
1619 2
1620 2
1621 10
1623 4
1624 6
1627 4
1641 2
1642 2
1645 4
fl=./malloc/./malloc/morecore.c
fn=__glibc_morecore
25 6
26 4
29 2
30 4
34 4
fl=./malloc/./malloc/reallocarray.c
fn=reallocarray
25 4
27 16
32 4
fl=./malloc/./malloc/scratch_buffer_set_array_size.c
fn=__libc_scratch_buffer_set_array_size
30 52
34 4
35 8
45 8
46 4
63 24
fl=./misc/../sysdeps/unix/syscall-template.S
fn=mprotect
117 30
122 6
fn=munmap
117 5
122 1
fl=./misc/../sysdeps/unix/sysv/linux/brk.c
fn=brk
36 2
37 4
38 4
44 2
45 2
fl=./misc/../sysdeps/unix/sysv/linux/brk_call.h
fn=brk
24 4
fl=./misc/../sysdeps/unix/sysv/linux/getpagesize.c
fn=getpagesize
27 13
28 52
30 13
fl=./misc/../sysdeps/unix/sysv/linux/ioctl.c
fn=ioctl
26 8
28 5
35 2
36 3
43 6
fl=./misc/../sysdeps/unix/sysv/linux/mmap64.c
fn=mmap
47 154
50 44
53 92
58 132
60 88
fl=./misc/../sysdeps/unix/sysv/linux/setvmaname.c
fn=__set_vma_name
33 11
35 7
40 7
47 1
49 6
fl=./misc/./misc/init-misc.c
fn=__init_misc
30 5
31 6
33 3
37 5
38 3
40 4
fl=./misc/./misc/sbrk.c
fn=sbrk
37 16
40 4
43 4
58 4
59 4
62 4
63 2
66 4
74 3
78 14
fl=./nptl/../sysdeps/unix/sysv/linux/x86/elision-conf.c
fn=__lll_elision_init
92 8
96 5
98 4
100 4
102 4
104 4
107 3
108 1
109 6
fl=./nptl/./nptl/libc-cleanup.c
fn=__libc_cleanup_pop_restore
54 8
55 8
57 16
59 8
60 24
71 8
fn=__libc_cleanup_push_defer
24 8
25 8
27 16
29 16
32 16
46 24
48 8
49 8
fl=./nptl/./nptl/pthread_mutex_conf.c
fn=__pthread_tunables_init
55 8
56 5
58 4
60 4
62 6
fl=./nptl/./nptl/pthread_mutex_lock.c
fn=pthread_mutex_lock@@GLIBC_2.2.5
44 1
45 7
46 1
77 5
80 3
82 1
84 2
88 2
97 2
108 4
112 1
115 2
124 1
130 3
131 2
179 1
182 1
184 1
187 1
190 3
fl=./nptl/./nptl/pthread_mutex_unlock.c
fn=pthread_mutex_unlock@@GLIBC_2.2.5
39 1
40 4
41 1
51 3
52 2
57 2
62 1
65 1
70 1
72 1
74 2
80 4
84 3
87 2
367 4
369 2
fl=./nptl/./nptl/pthread_rwlock_common.c
fn=pthread_rwlock_unlock@@GLIBC_2.34
221 15
531 3
535 9
536 6
538 9
559 3
561 24
569 6
582 6
fn=pthread_rwlock_wrlock@@GLIBC_2.34
603 12
622 18
624 6
778 9
783 6
788 8
789 16
795 24
802 2
947 6
949 3
fl=./nptl/./nptl/pthread_rwlock_unlock.c
fn=pthread_rwlock_unlock@@GLIBC_2.34
30 18
31 3
38 9
39 3
44 15
fl=./nptl/./nptl/pthread_rwlock_wrlock.c
fn=pthread_rwlock_wrlock@@GLIBC_2.34
23 30
24 3
27 3
29 27
fl=./posix/../malloc/dynarray-skeleton.c
fn=__unregister_atfork
243 4
fl=./posix/../sysdeps/posix/sysconf.c
fn=sysconf
60 182
221 39
fl=./posix/../sysdeps/unix/sysv/linux/_exit.c
fn=_Exit
27 2
30 4
fl=./posix/../sysdeps/unix/sysv/linux/x86/../sysconf.c
fn=sysconf
49 130
fl=./posix/../sysdeps/unix/sysv/linux/x86/sysconf.c
fn=sysconf
32 156
33 39
37 130
fl=./posix/./posix/getopt.c
fn=_getopt_internal
706 5
709 5
710 1
712 5
716 2
717 3
718 3
721 3
fn=_getopt_internal_r
391 3
392 1
395 3
400 2
405 12
408 1
410 1
474 12
475 1
477 2
478 2
480 4
482 6
487 1
488 3
493 4
499 3
501 3
504 3
509 3
512 2
518 2
520 2
528 2
549 4
700 9
fl=./posix/./posix/getopt1.c
fn=getopt_long
30 3
31 4
33 2
fl=./posix/./posix/register-atfork.c
fn=__unregister_atfork
71 8
82 24
83 16
109 16
110 12
fl=./resource/../sysdeps/unix/sysv/linux/getrlimit64.c
fn=getrlimit
38 2
39 7
40 1
fl=./setjmp/../sysdeps/x86_64/bsd-_setjmp.S
fn=_setjmp
28 2
30 2
32 2
fl=./setjmp/../sysdeps/x86_64/setjmp.S
fn=__sigsetjmp
31 10
33 10
42 10
43 20
44 10
48 10
49 10
50 10
51 10
52 10
54 20
56 10
57 10
58 10
60 20
62 10
67 2
68 2
70 8
73 8
74 8
81 8
82 8
85 2
fl=./setjmp/./setjmp/sigjmp.c
fn=__sigjmp_save
28 12
29 2
30 4
34 8
fl=./stdlib/./stdlib/cxa_atexit.c
fn=__cxa_atexit
41 4
43 16
44 4
46 4
52 6
53 2
54 2
55 2
56 2
57 8
58 2
67 14
69 12
fn=__new_exitfn
80 10
81 2
86 4
91 16
93 8
94 5
101 1
104 2
122 1
123 1
129 3
130 2
134 1
136 2
137 2
141 10
fl=./stdlib/./stdlib/cxa_finalize.c
fn=__cxa_finalize
30 40
33 28
36 28
40 28
93 28
97 24
105 8
106 16
107 32
fl=./stdlib/./stdlib/cxa_thread_atexit_impl.c
fn=__call_tls_dtors
148 5
149 4
165 4
fl=./stdlib/./stdlib/exit.c
fn=__run_exit_handlers
38 12
40 2
41 2
43 5
54 2
56 2
60 1
64 9
66 4
67 2
69 14
94 2
101 2
102 2
103 2
104 6
107 8
108 6
109 8
113 6
119 3
120 2
126 4
128 2
129 2
131 2
fn=exit
137 3
138 4
fl=./stdlib/./stdlib/getenv.c
fn=getenv
24 414
25 368
28 92
29 8706
31 4308
32 1590
33 12
37 414
fl=./string/../include/rtld-malloc.h
fn=strdup
56 10
fl=./string/../locale/weight.h
fn=strcoll_l
36 4428
41 2214
94 98
fl=./string/../string/bits/string_fortified.h
fn=memmem
59 480
fn=strdup
29 56
fl=./string/../string/strcspn.c
fn=strcspn
32 6
33 3
34 2
39 6
40 4
41 4
42 4
44 1
47 9
48 6
51 4
52 4
53 4
54 4
56 3
61 12
62 24
63 24
64 24
65 12
67 72
69 1
70 4
71 3
fl=./string/../string/strstr.c
fn=__GI_strstr
77 24
82 6
84 10
85 4
86 4
161 24
fl=./string/../sysdeps/x86/cacheinfo.c
fn=__x86_cacheinfo
86 1
fl=./string/../sysdeps/x86/cacheinfo.h
fn=__x86_cacheinfo
59 1
62 3
64 3
65 1
71 3
73 3
74 1
78 2
80 2
81 2
82 2
84 2
86 2
fl=./string/../sysdeps/x86_64/multiarch/../multiarch/memcmp-sse2.S
fn=bcmp
59 1
71 1
72 1
94 1
95 1
140 1
141 1
143 1
144 1
146 1
147 1
149 1
150 1
197 1
198 1
199 1
200 1
201 1
202 1
fl=./string/../sysdeps/x86_64/multiarch/../multiarch/memset-vec-unaligned-erms.S
fn=memset
132 10
133 50
138 10
139 10
142 5
143 5
244 5
245 5
257 5
260 5
261 5
273 5
274 5
287 5
288 5
290 5
293 4
296 8
299 99
300 99
301 99
302 99
303 99
304 99
305 99
308 5
309 5
310 5
311 5
316 5
350 5
352 5
353 5
392 5
393 5
395 5
fl=./string/../sysdeps/x86_64/multiarch/../multiarch/strchr-sse2.S
fn=index
32 22
33 22
34 22
35 22
36 22
37 22
38 22
39 22
40 22
41 22
42 22
43 22
44 22
45 22
46 22
47 22
48 22
49 22
50 19
54 19
55 19
56 19
57 19
59 19
63 3
64 3
65 3
66 3
67 3
68 3
69 3
70 3
71 3
72 3
73 3
74 3
75 3
76 3
77 3
78 3
79 3
80 3
81 3
82 3
83 3
84 3
85 3
86 3
138 3
142 3
143 3
144 3
145 3
147 3
fl=./string/../sysdeps/x86_64/multiarch/../multiarch/strcmp-sse2.S
fn=strcmp
98 805
131 805
132 805
134 805
135 805
156 805
157 805
158 580
159 580
160 455
161 455
162 455
163 455
180 455
181 455
182 455
183 455
184 455
185 455
186 455
191 32
192 96
201 382
202 382
203 382
204 382
205 382
206 382
207 382
208 382
209 373
210 140
211 140
212 140
214 373
215 373
216 373
217 373
218 373
219 373
229 9
230 9
231 9
233 9
239 9
240 9
241 9
242 9
243 9
248 9
250 6
251 6
252 12
260 6
261 6
264 6
265 6
266 6
267 6
268 6
269 6
300 6
301 6
302 6
303 6
304 6
306 6
307 6
308 6
309 6
310 6
311 6
312 6
313 6
316 6
317 6
318 6
324 6
325 6
326 12
330 6
331 6
334 6
335 6
336 6
338 6
339 6
340 6
344 6
345 6
346 6
347 6
348 6
349 6
424 90
425 90
426 90
427 90
428 90
430 90
431 90
432 90
433 90
434 90
435 90
436 90
437 90
440 90
441 90
442 90
448 90
449 90
450 180
454 90
455 90
458 90
459 90
460 90
462 90
463 90
464 90
468 90
469 90
470 90
471 90
472 90
473 90
542 7
543 7
544 7
545 7
546 7
548 7
549 7
550 7
551 7
552 7
553 7
554 7
555 6
559 6
560 6
561 6
567 6
568 6
569 12
573 6
574 6
577 6
578 6
579 6
581 6
582 6
583 6
587 6
588 6
589 6
590 6
591 6
592 6
599 1
600 1
602 1
603 1
605 1
606 1
607 1
609 1
610 1
611 1
615 1
616 1
617 1
618 1
619 1
620 1
661 6
662 6
663 6
664 6
665 6
667 6
668 6
669 6
670 6
671 6
672 6
673 6
674 5
678 5
679 5
680 5
686 5
687 5
688 10
692 5
693 5
696 5
697 5
698 5
700 5
701 5
702 5
706 5
707 5
708 5
709 5
710 5
711 5
780 6
781 6
782 6
783 6
784 6
786 6
787 6
788 6
789 6
790 6
791 6
792 6
793 5
797 5
798 5
799 5
805 5
806 5
807 10
811 6
812 6
815 6
816 6
817 6
819 6
820 6
821 6
825 6
826 6
827 6
828 6
829 6
830 6
837 1
838 1
840 1
841 1
843 1
844 1
845 1
847 1
848 1
849 1
853 1
854 1
855 1
856 1
857 1
858 1
865 1
866 1
867 1
899 16
900 16
901 16
902 16
903 16
905 16
906 16
907 16
908 16
909 16
910 16
911 16
912 15
916 15
917 15
918 15
924 15
925 15
926 30
930 15
931 15
934 15
935 15
936 15
938 15
939 15
940 15
944 15
945 15
946 15
947 15
948 15
949 15
956 2
957 2
959 2
960 2
962 2
963 2
964 2
966 2
967 2
968 2
972 2
973 2
974 2
975 2
976 2
977 2
1018 10
1019 10
1020 10
1021 10
1022 10
1024 10
1025 10
1026 10
1027 10
1028 10
1029 10
1030 10
1031 10
1035 10
1036 10
1037 10
1043 10
1044 10
1045 20
1049 10
1050 10
1053 10
1054 10
1055 10
1057 10
1058 10
1059 10
1063 10
1064 10
1065 10
1066 10
1067 10
1068 10
1075 1
1076 1
1078 1
1079 1
1081 1
1082 1
1083 1
1085 1
1086 1
1087 1
1091 1
1092 1
1093 1
1094 1
1095 1
1096 1
1137 35
1138 35
1139 35
1140 35
1141 35
1143 35
1144 35
1145 35
1146 35
1147 35
1148 35
1149 35
1150 32
1154 32
1155 32
1156 32
1162 32
1163 32
1164 64
1168 32
1169 32
1172 32
1173 32
1174 32
1176 32
1177 32
1178 32
1182 32
1183 32
1184 32
1185 32
1186 32
1187 32
1256 25
1257 25
1258 25
1259 25
1260 25
1262 25
1263 25
1264 25
1265 25
1266 25
1267 25
1268 25
1269 13
1273 13
1274 13
1275 13
1281 13
1282 13
1283 26
1287 13
1288 13
1291 13
1292 13
1293 13
1295 13
1296 13
1297 13
1301 13
1302 13
1303 13
1304 13
1305 13
1306 13
1375 16
1376 16
1377 16
1378 16
1379 16
1381 16
1382 16
1383 16
1384 16
1385 16
1386 16
1387 16
1388 6
1392 6
1393 6
1394 6
1400 6
1401 6
1402 12
1406 6
1407 6
1410 6
1411 6
1412 6
1414 6
1415 6
1416 6
1420 6
1421 6
1422 6
1423 6
1424 6
1425 6
1494 19
1495 19
1496 19
1497 19
1498 19
1500 19
1501 19
1502 19
1503 19
1504 19
1505 19
1506 19
1507 18
1511 18
1512 18
1513 18
1519 18
1520 18
1521 36
1525 18
1526 18
1529 18
1530 18
1531 18
1533 18
1534 18
1535 18
1539 18
1540 18
1541 18
1542 18
1543 18
1544 18
1613 35
1614 35
1615 35
1616 35
1617 35
1619 35
1620 35
1621 35
1622 35
1623 35
1624 35
1625 35
1626 13
1630 13
1631 13
1632 13
1638 13
1639 13
1640 26
1644 13
1645 13
1648 13
1649 13
1650 13
1652 13
1653 13
1654 13
1658 13
1659 13
1660 13
1661 13
1662 13
1663 13
1670 1
1671 1
1673 1
1674 1
1676 1
1677 1
1678 1
1680 1
1681 1
1682 1
1686 1
1687 1
1688 1
1689 1
1690 1
1691 1
1732 25
1733 25
1734 25
1735 25
1736 25
1738 25
1739 25
1740 25
1741 25
1742 25
1743 25
1744 25
1745 19
1749 19
1750 19
1751 19
1757 19
1758 19
1759 38
1763 19
1764 19
1767 19
1768 19
1769 19
1771 19
1772 19
1773 19
1777 19
1778 19
1779 19
1780 19
1781 19
1782 19
1789 4
1790 4
1792 4
1793 4
1795 4
1796 4
1797 4
1799 4
1800 4
1801 4
1805 4
1806 4
1807 4
1808 4
1809 4
1810 4
1851 39
1852 39
1853 39
1854 39
1855 39
1857 39
1858 39
1859 39
1860 39
1861 39
1862 39
1863 39
1864 33
1868 33
1869 33
1870 33
1876 33
1877 33
1878 66
1882 33
1883 33
1886 33
1887 33
1888 33
1890 33
1891 33
1892 33
1896 33
1897 33
1898 33
1899 33
1900 33
1901 33
1908 1
1909 1
1911 1
1912 1
1914 1
1915 1
1916 1
1918 1
1919 1
1920 1
1924 1
1925 1
1926 1
1927 1
1928 1
1929 1
1970 38
1971 38
1972 38
1973 38
1974 38
1976 38
1977 38
1978 38
1979 38
1980 38
1981 38
1982 38
1984 10
1988 10
1989 10
1990 10
1996 10
1997 10
1999 20
2003 10
2004 10
2007 10
2008 10
2009 10
2011 10
2012 10
2013 10
2017 10
2018 10
2019 10
2020 10
2021 10
2022 10
2029 1
2030 1
2032 1
2033 1
2035 1
2036 1
2037 1
2039 1
2040 1
2041 1
2045 1
2046 1
2047 1
2048 1
2049 1
2050 1
2093 287
2095 382
2096 382
2097 382
2098 382
2099 280
2104 805
2110 805
2111 805
2119 805
2120 805
fn=strncmp
98 1
125 1
126 1
127 1
128 1
129 1
131 1
132 1
134 1
135 1
156 1
157 1
158 1
159 1
160 1
161 1
162 1
163 1
180 1
181 1
182 1
183 1
184 1
185 1
186 1
2104 1
2107 1
2108 1
2110 1
2111 1
2119 1
2120 1
fl=./string/../sysdeps/x86_64/multiarch/../multiarch/strlen-sse2.S
fn=strlen
57 25
101 25
102 25
103 25
104 25
105 25
106 25
107 25
109 25
111 25
142 24
143 24
144 24
145 24
146 24
147 13
149 13
153 11
154 11
155 11
156 11
157 11
158 11
159 11
160 11
161 11
162 11
163 11
164 11
169 88
173 1
174 14
175 6
190 1
191 1
192 2
243 1
244 1
245 1
246 1
247 1
248 1
249 1
250 1
266 1
268 1
269 14
271 1
272 1
273 1
275 1
fl=./string/../sysdeps/x86_64/multiarch/ifunc-avx2.h
fn=memrchr
38 4
40 3
41 2
42 3
45 2
46 2
49 3
52 6
fn=rindex
38 12
40 9
41 6
42 9
45 6
46 6
49 9
52 18
fn=strchrnul
38 4
40 3
41 2
42 3
45 2
46 2
49 3
52 6
fn=strlen
38 12
40 9
41 6
42 9
45 6
46 6
49 9
52 18
fn=strnlen
38 8
40 6
41 4
42 6
45 4
46 4
49 6
52 12
fl=./string/../sysdeps/x86_64/multiarch/ifunc-evex.h
fn=memchr
37 4
38 3
39 3
42 2
43 2
45 2
51 3
54 4
fn=rawmemchr
37 4
38 3
39 3
42 2
43 2
45 2
51 3
54 4
fl=./string/../sysdeps/x86_64/multiarch/ifunc-memcmp.h
fn=bcmp
34 15
35 6
36 6
37 9
40 6
41 6
44 9
47 12
fl=./string/../sysdeps/x86_64/multiarch/ifunc-memmove.h
fn=memcpy@@GLIBC_2.14
56 6
57 9
60 9
61 6
74 6
77 6
85 6
93 6
96 15
fn=memmove
56 4
57 6
60 6
61 4
74 4
77 4
85 4
93 4
96 10
fn=mempcpy
56 4
57 6
60 6
61 4
74 4
77 4
85 4
93 4
96 10
fl=./string/../sysdeps/x86_64/multiarch/ifunc-memset.h
fn=memset
54 10
57 6
58 4
64 4
73 4
75 4
85 4
93 4
96 10
fl=./string/../sysdeps/x86_64/multiarch/ifunc-sse4_2.h
fn=strcspn
36 5
fn=strpbrk
36 5
fn=strspn
36 5
fl=./string/../sysdeps/x86_64/multiarch/ifunc-strcasecmp.h
fn=strcasecmp
36 4
37 2
38 3
41 2
42 2
45 3
48 5
fn=strcasecmp_l
36 4
37 2
38 3
41 2
42 2
45 3
48 5
fn=strncasecmp
36 8
37 4
38 6
41 4
42 4
45 6
48 10
fn=strncasecmp_l
36 4
37 2
38 3
41 2
42 2
45 3
48 5
fl=./string/../sysdeps/x86_64/multiarch/ifunc-strcpy.h
fn=stpcpy
38 8
39 6
42 4
43 4
46 6
49 6
fn=strcat
38 4
39 3
42 2
43 2
46 3
49 3
fn=strcpy
38 4
39 3
42 2
43 2
46 3
49 3
fl=./string/../sysdeps/x86_64/multiarch/ifunc-strncpy.h
fn=stpncpy
35 5
36 3
39 2
40 2
43 3
46 4
fn=strncpy
35 10
36 6
39 4
40 4
43 6
46 8
fl=./string/../sysdeps/x86_64/multiarch/memchr-avx2.S
fn=__memchr_avx2
61 70
68 70
70 70
73 70
74 70
76 70
77 70
78 70
79 70
82 70
83 70
86 70
87 70
89 57
90 57
91 34
92 34
94 68
101 13
106 13
113 13
114 13
115 1
116 1
121 5
122 5
123 5
124 10
128 12
129 12
133 8
134 8
135 8
136 16
140 2
141 2
142 2
143 4
148 2
149 2
150 2
151 4
161 23
162 23
163 23
165 23
175 23
176 23
179 23
180 23
182 20
183 20
185 15
186 15
187 15
188 15
190 7
191 7
192 7
193 7
195 5
196 5
197 5
198 5
202 3
203 3
206 3
207 3
208 3
209 3
214 6
224 3
225 3
226 3
227 3
228 3
229 3
230 3
232 3
238 3
239 3
257 3
258 3
261 3
262 3
266 1
267 1
278 2
286 3
287 3
288 3
290 2
291 2
292 2
294 1
296 1
297 1
298 1
302 1
304 1
305 2
327 1
331 1
333 1
334 2
338 2
342 2
344 2
345 4
366 2
367 2
368 2
369 2
371 1
372 1
375 1
376 1
379 1
380 1
384 1
385 1
387 1
388 1
390 1
391 1
392 1
393 1
394 1
395 1
397 2
fl=./string/../sysdeps/x86_64/multiarch/memchr.c
fn=memchr
29 2
fl=./string/../sysdeps/x86_64/multiarch/memcmp.c
fn=bcmp
29 12
fl=./string/../sysdeps/x86_64/multiarch/memcmpeq.c
fn=memcpy@@GLIBC_2.14
29 3
fl=./string/../sysdeps/x86_64/multiarch/memmove-vec-unaligned-erms.S
fn=???
251 136
fn=__memcpy_avx_unaligned_erms
255 103
256 103
262 121
263 121
265 24
266 24
267 24
270 10
271 10
272 10
275 20
305 97
306 97
308 65
309 65
311 11
315 11
316 3
317 3
318 3
319 3
320 1
321 1
323 3
325 3
331 8
332 8
333 8
334 8
335 8
342 32
343 32
344 32
345 32
347 32
364 54
365 54
366 54
367 54
368 54
375 9
376 9
377 9
378 9
379 9
380 9
381 18
386 14
387 14
392 14
393 14
395 14
396 14
397 14
399 5
400 5
401 5
402 5
403 5
404 5
405 5
406 5
407 5
408 5
409 5
410 5
411 5
412 5
413 10
fn=__memcpy_chk_avx_unaligned_erms
249 34
250 34
251 34
fn=__mempcpy_avx_unaligned_erms
242 18
243 18
244 18
245 18
fn=memcpy
210 26
211 26
217 48
218 48
220 32
221 32
222 32
224 18
225 18
226 18
228 18
308 16
309 16
311 4
315 4
316 4
317 4
318 1
319 1
323 1
325 4
364 12
365 12
366 12
367 12
368 12
375 14
376 14
377 14
378 14
379 14
380 14
381 14
392 14
393 14
395 14
396 14
397 14
fn=mempcpy
197 22
198 22
199 22
200 22
fl=./string/../sysdeps/x86_64/multiarch/memmove.c
fn=memmove
29 2
fl=./string/../sysdeps/x86_64/multiarch/mempcpy.c
fn=mempcpy
33 2
fl=./string/../sysdeps/x86_64/multiarch/memrchr.c
fn=memrchr
29 3
fl=./string/../sysdeps/x86_64/multiarch/memset-vec-unaligned-erms.S
fn=???
154 4
fn=__memset_avx2_unaligned_erms
158 1
159 2
164 1
165 1
337 1
346 1
347 1
378 1
379 1
380 1
fn=__memset_chk_avx2_unaligned_erms
152 1
153 1
154 1
fl=./string/../sysdeps/x86_64/multiarch/memset.c
fn=memset
29 2
fl=./string/../sysdeps/x86_64/multiarch/rawmemchr.c
fn=rawmemchr
31 2
fl=./string/../sysdeps/x86_64/multiarch/stpcpy.c
fn=stpcpy
33 6
fl=./string/../sysdeps/x86_64/multiarch/stpncpy.c
fn=stpncpy
31 3
fl=./string/../sysdeps/x86_64/multiarch/strcasecmp.c
fn=strcasecmp
31 3
fl=./string/../sysdeps/x86_64/multiarch/strcasecmp_l.c
fn=strcasecmp_l
31 3
fl=./string/../sysdeps/x86_64/multiarch/strcat.c
fn=strcat
29 3
fl=./string/../sysdeps/x86_64/multiarch/strchr-avx2.S
fn=__strchr_avx2
53 50
55 50
56 50
57 50
58 50
59 50
62 50
63 50
67 50
68 50
69 50
70 50
71 50
72 50
73 50
74 49
77 49
85 49
87 46
89 92
93 3
94 6
114 1
115 1
118 1
119 1
121 1
122 2
157 1
161 1
162 1
163 1
164 1
165 1
166 1
167 1
169 1
170 1
171 1
172 1
173 1
174 1
175 1
fn=__strchrnul_avx2
53 1
55 1
56 1
57 1
58 1
59 1
62 1
63 1
67 1
68 1
69 1
70 1
71 1
72 1
73 1
74 1
87 1
89 2
fl=./string/../sysdeps/x86_64/multiarch/strchr.c
fn=index
42 12
43 6
44 9
47 6
48 6
51 9
54 9
65 9
fl=./string/../sysdeps/x86_64/multiarch/strchrnul.c
fn=strchrnul
31 3
fl=./string/../sysdeps/x86_64/multiarch/strcmp-avx2.S
fn=__strcmp_avx2
206 65
249 65
274 65
275 65
276 65
278 65
279 65
283 65
287 65
289 65
291 65
294 65
303 65
304 65
308 65
318 65
319 65
322 65
326 130
953 65
954 65
fn=__strncmp_avx2
206 285
230 285
235 285
249 285
274 285
275 285
276 285
278 285
279 285
283 253
287 253
289 253
291 253
294 253
296 253
297 253
308 241
318 241
319 241
322 241
326 482
331 253
332 253
333 253
337 12
338 24
957 73
958 73
959 73
960 73
962 73
965 73
966 73
970 18
971 18
993 30
994 30
995 30
996 30
997 30
998 30
1000 30
1047 32
1048 32
1051 32
1052 32
1053 32
1056 64
1063 32
1064 32
1065 32
1066 32
1076 55
1077 55
1080 32
1081 32
1082 32
1083 32
1089 32
1091 32
1094 32
1095 34
1100 2
1101 2
1103 2
1104 2
1105 2
1106 2
1107 2
1108 2
1109 2
fl=./string/../sysdeps/x86_64/multiarch/strcmp.c
fn=strcmp
47 12
48 6
49 9
52 6
53 6
56 9
59 9
79 9
fl=./string/../sysdeps/x86_64/multiarch/strcpy.c
fn=strcpy
29 3
fl=./string/../sysdeps/x86_64/multiarch/strcspn.c
fn=strcspn
29 2
fl=./string/../sysdeps/x86_64/multiarch/strlen-avx2.S
fn=__strlen_avx2
52 157
65 157
66 157
67 157
70 157
72 157
73 157
76 153
77 153
85 153
86 153
87 153
92 306
118 2
131 2
132 2
133 2
139 4
236 2
242 2
243 2
244 2
511 4
512 4
513 4
516 4
531 4
532 4
533 2
540 4
fl=./string/../sysdeps/x86_64/multiarch/strlen.c
fn=strlen
29 9
fl=./string/../sysdeps/x86_64/multiarch/strncase.c
fn=strncasecmp
31 6
fl=./string/../sysdeps/x86_64/multiarch/strncase_l.c
fn=strncasecmp_l
31 3
fl=./string/../sysdeps/x86_64/multiarch/strncmp.c
fn=strncmp
43 12
44 6
45 9
48 6
49 6
52 9
55 15
67 9
fl=./string/../sysdeps/x86_64/multiarch/strncpy.c
fn=strncpy
29 6
fl=./string/../sysdeps/x86_64/multiarch/strnlen.c
fn=strnlen
31 6
fl=./string/../sysdeps/x86_64/multiarch/strpbrk.c
fn=strpbrk
29 2
fl=./string/../sysdeps/x86_64/multiarch/strrchr-avx2.S
fn=__strrchr_avx2
53 2
54 2
55 2
57 2
58 2
62 2
63 2
64 2
67 2
69 2
70 2
71 2
72 2
75 2
76 2
78 2
79 2
80 2
91 4
fl=./string/../sysdeps/x86_64/multiarch/strrchr.c
fn=rindex
28 9
fl=./string/../sysdeps/x86_64/multiarch/strspn.c
fn=strspn
29 2
fl=./string/../sysdeps/x86_64/multiarch/strstr-sse2-unaligned.S
fn=__strstr_sse2_unaligned
22 34
23 34
24 34
25 34
26 34
27 34
28 34
29 34
30 34
31 34
32 34
33 34
34 34
35 34
36 34
37 34
38 34
39 34
40 34
41 34
42 34
43 34
44 34
45 34
46 34
47 34
48 34
49 34
50 34
51 34
52 34
53 34
54 34
55 34
56 34
57 34
58 34
59 34
60 34
61 34
62 34
64 39
65 39
66 39
67 39
68 6
69 6
70 6
71 6
72 6
73 1
74 1
83 6
84 6
85 6
87 7
88 7
89 7
91 1
93 33
94 33
98 5
99 5
100 5
fl=./string/../sysdeps/x86_64/multiarch/strstr.c
fn=strstr
51 4
58 4
64 2
fl=./string/./string/memmem.c
fn=memmem
55 156
59 48
61 24
65 24
68 36
70 24
75 12
79 24
84 12
85 12
88 156
89 168
92 108
93 12
95 60
100 36
101 216
103 144
107 12
108 24
119 12
126 132
fl=./string/./string/strcoll.c
fn=strcoll
32 49
33 147
fl=./string/./string/strcoll_l.c
fn=strcoll_l
70 6461
77 497
79 18118
81 1107
82 2214
125 14391
128 2216
129 1107
130 10517
131 3321
137 7196
144 2214
147 6642
184 2214
187 2214
202 896
215 3976
220 3479
229 4356
232 98
237 1125
238 677
240 1802
241 1354
243 3385
245 1344
258 539
259 49
260 98
269 98
273 294
276 98
278 98
280 49
282 98
284 98
287 98
290 98
292 49
305 49
306 49
307 49
308 49
309 49
311 49
313 49
314 49
315 147
316 49
317 441
318 49
319 49
320 49
324 49
331 196
340 1988
360 98
368 441
fl=./string/./string/strdup.c
fn=strdup
40 114
41 38
42 28
44 38
47 20
48 71
fl=./termios/../string/bits/string_fortified.h
fn=tcgetattr
59 2
fl=./termios/../sysdeps/unix/sysv/linux/tcgetattr.c
fn=tcgetattr
34 8
38 7
40 2
42 2
46 2
51 6
63 4
77 6
fl=./wcsmbs/../sysdeps/x86_64/multiarch/ifunc-avx2.h
fn=wcschr
38 8
40 6
41 4
42 6
45 4
46 4
49 6
52 12
fn=wcscmp
38 4
40 3
41 2
42 3
45 2
46 2
49 3
52 6
fl=./wcsmbs/../sysdeps/x86_64/multiarch/ifunc-evex.h
fn=wmemchr
37 8
38 6
39 6
42 4
43 4
45 4
51 6
54 8
fl=./wcsmbs/../sysdeps/x86_64/multiarch/ifunc-memcmp.h
fn=wmemcmp
34 5
35 2
36 2
37 3
40 2
41 2
44 3
47 4
fl=./wcsmbs/../sysdeps/x86_64/multiarch/ifunc-wcs.h
fn=wcpncpy
39 4
40 3
41 3
44 2
45 3
48 4
fn=wcscat
39 4
40 3
41 3
44 2
45 3
48 4
fn=wcsncpy
39 4
40 3
41 3
44 2
45 3
48 4
fl=./wcsmbs/../sysdeps/x86_64/multiarch/ifunc-wcslen.h
fn=wcslen
40 4
41 2
42 3
45 2
46 2
49 3
52 3
fn=wcsnlen
40 4
41 2
42 3
45 2
46 2
49 3
52 3
fl=./wcsmbs/../sysdeps/x86_64/multiarch/ifunc-wmemset.h
fn=wmemset
36 10
37 6
fl=./wcsmbs/../sysdeps/x86_64/multiarch/wcpcpy.c
fn=wcpncpy
31 1
fl=./wcsmbs/../sysdeps/x86_64/multiarch/wcpncpy.c
fn=wcpncpy
31 1
fl=./wcsmbs/../sysdeps/x86_64/multiarch/wcscat.c
fn=wcscat
31 2
fn=wcschr
31 2
fl=./wcsmbs/../sysdeps/x86_64/multiarch/wcschr.c
fn=wcschr
31 4
fl=./wcsmbs/../sysdeps/x86_64/multiarch/wcscmp.c
fn=wcscmp
30 3
fl=./wcsmbs/../sysdeps/x86_64/multiarch/wcscpy.c
fn=wcscpy
42 4
43 2
44 3
46 2
47 3
50 3
60 2
fl=./wcsmbs/../sysdeps/x86_64/multiarch/wcslen.c
fn=wcslen
29 3
fl=./wcsmbs/../sysdeps/x86_64/multiarch/wcsncpy.c
fn=wcsncpy
31 2
fl=./wcsmbs/../sysdeps/x86_64/multiarch/wcsnlen.c
fn=wcsnlen
30 3
fl=./wcsmbs/../sysdeps/x86_64/multiarch/wmemchr.c
fn=wmemchr
31 4
fl=./wcsmbs/../sysdeps/x86_64/multiarch/wmemcmp.c
fn=wmemcmp
29 4
fl=./wcsmbs/../sysdeps/x86_64/multiarch/wmemset.c
fn=wmemset
31 4
fl=???
fn=???
0 52298
fn=selinuxfs_exists
0 486
summary: 624223
